A 				Ah				Al

1 1 0 1 0 0 0 0			1 1 0 1 0 0 0 0			0 0 0 0 0 0 0 0
0 1 1 0 1 0 0 0			0 1 1 0 1 0 0 0			0 0 0 0 0 0 0 0
1 0 1 1 0 0 0 0			1 0 1 1 0 0 0 0			0 0 0 0 0 0 0 0
0 1 0 0 1 1 0 0			0 1 0 0 1 1 0 0			0 0 0 0 0 0 0 0
0 0 0 0 1 0 0 0			0 0 0 0 0 0 0 0			0 0 0 0 1 0 0 0
0 0 0 0 1 1 1 0			0 0 0 0 1 1 1 0			0 0 0 0 0 0 0 0
0 0 0 0 1 0 1 1			0 0 0 0 1 0 1 1			0 0 0 0 0 0 0 0
0 0 0 0 0 0 1 1			0 0 0 0 0 0 0 0			0 0 0 0 0 0 1 1




Ah * Ah				Al * Al				Al * Ah				Ah * Al				A * A
			
1 3 1 1 2 1 0 0			0 0 0 0 0 0 0 0			0 0 0 0 0 0 0 0			0 0 0 0 0 0 0 0			1 3 1 1 2 1 0 0
1 1 2 1 1 0 0 0			0 0 0 0 0 0 0 0			0 0 0 0 0 0 0 0			0 0 0 0 1 0 0 0			1 1 2 1 2 0 0 0
2 2 1 2 1 1 0 0			0 0 0 0 0 0 0 0			0 0 0 0 0 0 0 0			0 0 0 0 0 0 0 0			2 2 1 2 1 1 0 0
0 1 1 0 2 1 1 0	   	+   	0 0 0 0 0 0 0 0	   	+	0 0 0 0 0 0 0 0	   	+	0 0 0 0 1 0 0 0	   = 		0 1 1 0 3 1 1 0
0 0 0 0 0 0 0 0			0 0 0 0 1 0 0 0			0 0 0 0 0 0 0 0			0 0 0 0 0 0 0 0			0 0 0 0 1 0 0 0
0 0 0 0 2 1 2 1			0 0 0 0 0 0 0 0			0 0 0 0 0 0 0 0			0 0 0 0 1 0 0 0			0 0 0 0 3 1 2 1
0 0 0 0 1 0 1 1			0 0 0 0 0 0 0 0			0 0 0 0 0 0 0 0			0 0 0 0 1 0 1 1			0 0 0 0 2 0 2 2
0 0 0 0 0 0 0 0			0 0 0 0 0 0 1 1			0 0 0 0 1 0 1 1			0 0 0 0 0 0 0 0			0 0 0 0 1 0 2 2
